Pcp_File_Version=4
    2
    1  0.000000e+000  1.000000e+000  1.000000e+000
    2 -9.000000e+002  1.000000e+000  1.000000e+000
  300    1    2    0 x         h      Mat  Lay      Beta           Axz            Bxz            Dxz          Temp          Conc            SConc
    1 -0.000000e+000  0.000000e+000    1    1  1.000000e+002  1.000000e+000  1.000000e+000  1.000000e+000  2.000000e+001  0.000000e+000  3.090000e-003  0.000000e+000  0.000000e+000
    2 -3.010030e+000 -5.016720e+000    1    1  1.000000e+002  1.000000e+000  1.000000e+000  1.000000e+000  2.000000e+001  0.000000e+000  3.090000e-003  0.000000e+000  0.000000e+000
    3 -6.020070e+000 -1.003350e+001    1    1  1.000000e+002  1.000000e+000  1.000000e+000  1.000000e+000  2.000000e+001  0.000000e+000  3.090000e-003  0.000000e+000  0.000000e+000
    4 -9.030100e+000 -1.505020e+001    1    1  1.000000e+002  1.000000e+000  1.000000e+000  1.000000e+000  2.000000e+001  0.000000e+000  3.090000e-003  0.000000e+000  0.000000e+000
    5 -1.204010e+001 -2.006680e+001    1    1  1.000000e+002  1.000000e+000  1.000000e+000  1.000000e+000  2.000000e+001  0.000000e+000  3.090000e-003  0.000000e+000  0.000000e+000
    6 -1.505020e+001 -2.508370e+001    1    1  1.000000e+002  1.000000e+000  1.000000e+000  1.000000e+000  2.000000e+001  0.000000e+000  3.090000e-003  0.000000e+000  0.000000e+000
    7 -1.806020e+001 -3.010030e+001    1    1  1.000000e+002  1.000000e+000  1.000000e+000  1.000000e+000  2.000000e+001  0.000000e+000  3.090000e-003  0.000000e+000  0.000000e+000
    8 -2.107020e+001 -3.511700e+001    1    1  1.000000e+002  1.000000e+000  1.000000e+000  1.000000e+000  2.000000e+001  0.000000e+000  3.090000e-003  0.000000e+000  0.000000e+000
    9 -2.408030e+001 -4.013380e+001    1    1  1.000000e+002  1.000000e+000  1.000000e+000  1.000000e+000  2.000000e+001  0.000000e+000  1.060000e-002  0.000000e+000  0.000000e+000
   10 -2.709030e+001 -4.515050e+001    1    1  1.000000e+002  1.000000e+000  1.000000e+000  1.000000e+000  2.000000e+001  0.000000e+000  1.060000e-002  0.000000e+000  0.000000e+000
   11 -3.010030e+001 -5.016720e+001    1    1  1.000000e+002  1.000000e+000  1.000000e+000  1.000000e+000  2.000000e+001  0.000000e+000  1.060000e-002  0.000000e+000  0.000000e+000
   12 -3.311040e+001 -5.518400e+001    1    1  1.000000e+002  1.000000e+000  1.000000e+000  1.000000e+000  2.000000e+001  0.000000e+000  1.060000e-002  0.000000e+000  0.000000e+000
   13 -3.612040e+001 -6.020070e+001    1    1  1.000000e+002  1.000000e+000  1.000000e+000  1.000000e+000  2.000000e+001  0.000000e+000  1.060000e-002  0.000000e+000  0.000000e+000
   14 -3.913040e+001 -6.521730e+001    1    1  1.000000e+002  1.000000e+000  1.000000e+000  1.000000e+000  2.000000e+001  0.000000e+000  1.060000e-002  0.000000e+000  0.000000e+000
   15 -4.214050e+001 -7.023420e+001    1    1  1.000000e+002  1.000000e+000  1.000000e+000  1.000000e+000  2.000000e+001  0.000000e+000  1.060000e-002  0.000000e+000  0.000000e+000
   16 -4.515050e+001 -7.525080e+001    1    1  1.000000e+002  1.000000e+000  1.000000e+000  1.000000e+000  2.000000e+001  0.000000e+000  1.060000e-002  0.000000e+000  0.000000e+000
   17 -4.816050e+001 -8.026750e+001    1    1  1.000000e+002  1.000000e+000  1.000000e+000  1.000000e+000  2.000000e+001  0.000000e+000  1.030000e-003  0.000000e+000  0.000000e+000
   18 -5.117060e+001 -8.528430e+001    2    1  1.000000e+002  1.000000e+000  1.000000e+000  1.000000e+000  2.000000e+001  0.000000e+000  1.030000e-003  0.000000e+000  0.000000e+000
   19 -5.418060e+001 -9.030100e+001    2    1  1.000000e+002  1.000000e+000  1.000000e+000  1.000000e+000  2.000000e+001  0.000000e+000  1.030000e-003  0.000000e+000  0.000000e+000
   20 -5.719060e+001 -9.531770e+001    2    1  1.000000e+002  1.000000e+000  1.000000e+000  1.000000e+000  2.000000e+001  0.000000e+000  1.030000e-003  0.000000e+000  0.000000e+000
   21 -6.020070e+001 -1.003350e+002    2    1  1.000000e+002  1.000000e+000  1.000000e+000  1.000000e+000  2.000000e+001  0.000000e+000  1.030000e-003  0.000000e+000  0.000000e+000
   22 -6.321070e+001 -1.053510e+002    2    1  1.000000e+002  1.000000e+000  1.000000e+000  1.000000e+000  2.000000e+001  0.000000e+000  1.030000e-003  0.000000e+000  0.000000e+000
   23 -6.622070e+001 -1.103680e+002    2    1  1.000000e+002  1.000000e+000  1.000000e+000  1.000000e+000  2.000000e+001  0.000000e+000  1.030000e-003  0.000000e+000  0.000000e+000
   24 -6.923080e+001 -1.153850e+002    2    1  1.000000e+002  1.000000e+000  1.000000e+000  1.000000e+000  2.000000e+001  0.000000e+000  1.030000e-003  0.000000e+000  0.000000e+000
   25 -7.224080e+001 -1.204010e+002    2    1  1.000000e+002  1.000000e+000  1.000000e+000  1.000000e+000  2.000000e+001  0.000000e+000  0.000000e+000  0.000000e+000  0.000000e+000
   26 -7.525080e+001 -1.254180e+002    2    1  1.000000e+002  1.000000e+000  1.000000e+000  1.000000e+000  2.000000e+001  0.000000e+000  0.000000e+000  0.000000e+000  0.000000e+000
   27 -7.826090e+001 -1.304350e+002    2    1  1.000000e+002  1.000000e+000  1.000000e+000  1.000000e+000  2.000000e+001  0.000000e+000  0.000000e+000  0.000000e+000  0.000000e+000
   28 -8.127090e+001 -1.354520e+002    2    1  1.000000e+002  1.000000e+000  1.000000e+000  1.000000e+000  2.000000e+001  0.000000e+000  0.000000e+000  0.000000e+000  0.000000e+000
   29 -8.428090e+001 -1.404680e+002    2    1  1.000000e+002  1.000000e+000  1.000000e+000  1.000000e+000  2.000000e+001  0.000000e+000  0.000000e+000  0.000000e+000  0.000000e+000
   30 -8.729100e+001 -1.454850e+002    2    1  1.000000e+002  1.000000e+000  1.000000e+000  1.000000e+000  2.000000e+001  0.000000e+000  0.000000e+000  0.000000e+000  0.000000e+000
   31 -9.030100e+001 -1.505020e+002    2    1  1.000000e+002  1.000000e+000  1.000000e+000  1.000000e+000  2.000000e+001  0.000000e+000  0.000000e+000  0.000000e+000  0.000000e+000
   32 -9.331100e+001 -1.555180e+002    2    1  1.000000e+002  1.000000e+000  1.000000e+000  1.000000e+000  2.000000e+001  0.000000e+000  0.000000e+000  0.000000e+000  0.000000e+000
   33 -9.632110e+001 -1.605350e+002    2    1  1.000000e+002  1.000000e+000  1.000000e+000  1.000000e+000  2.000000e+001  0.000000e+000  0.000000e+000  0.000000e+000  0.000000e+000
   34 -9.933110e+001 -1.655520e+002    2    1  1.000000e+002  1.000000e+000  1.000000e+000  1.000000e+000  2.000000e+001  0.000000e+000  0.000000e+000  0.000000e+000  0.000000e+000
   35 -1.023410e+002 -1.705680e+002    2    1  1.000000e+002  1.000000e+000  1.000000e+000  1.000000e+000  2.000000e+001  0.000000e+000  6.890000e-004  0.000000e+000  0.000000e+000
   36 -1.053510e+002 -1.755850e+002    2    1  1.000000e+002  1.000000e+000  1.000000e+000  1.000000e+000  2.000000e+001  0.000000e+000  6.890000e-004  0.000000e+000  0.000000e+000
   37 -1.083610e+002 -1.806020e+002    2    1  1.000000e+002  1.000000e+000  1.000000e+000  1.000000e+000  2.000000e+001  0.000000e+000  6.890000e-004  0.000000e+000  0.000000e+000
   38 -1.113710e+002 -1.856180e+002    2    1  1.000000e+002  1.000000e+000  1.000000e+000  1.000000e+000  2.000000e+001  0.000000e+000  6.890000e-004  0.000000e+000  0.000000e+000
   39 -1.143810e+002 -1.906350e+002    2    1  1.000000e+002  1.000000e+000  1.000000e+000  1.000000e+000  2.000000e+001  0.000000e+000  6.890000e-004  0.000000e+000  0.000000e+000
   40 -1.173910e+002 -1.956520e+002    2    1  1.000000e+002  1.000000e+000  1.000000e+000  1.000000e+000  2.000000e+001  0.000000e+000  6.890000e-004  0.000000e+000  0.000000e+000
   41 -1.204010e+002 -2.006680e+002    2    1  1.000000e+002  1.000000e+000  1.000000e+000  1.000000e+000  2.000000e+001  0.000000e+000  6.890000e-004  0.000000e+000  0.000000e+000
   42 -1.234110e+002 -2.056850e+002    2    1  1.000000e+002  1.000000e+000  1.000000e+000  1.000000e+000  2.000000e+001  0.000000e+000  6.890000e-004  0.000000e+000  0.000000e+000
   43 -1.264210e+002 -2.107020e+002    2    1  1.000000e+001  1.000000e+000  1.000000e+000  1.000000e+000  2.000000e+001  0.000000e+000  6.890000e-004  0.000000e+000  0.000000e+000
   44 -1.294310e+002 -2.157180e+002    2    1  1.000000e+001  1.000000e+000  1.000000e+000  1.000000e+000  2.000000e+001  0.000000e+000  6.890000e-004  0.000000e+000  0.000000e+000
   45 -1.324410e+002 -2.207350e+002    2    1  1.000000e+001  1.000000e+000  1.000000e+000  1.000000e+000  2.000000e+001  0.000000e+000  6.890000e-004  0.000000e+000  0.000000e+000
   46 -1.354520e+002 -2.257530e+002    2    1  1.000000e+001  1.000000e+000  1.000000e+000  1.000000e+000  2.000000e+001  0.000000e+000  6.890000e-004  0.000000e+000  0.000000e+000
   47 -1.384620e+002 -2.307700e+002    2    1  1.000000e+001  1.000000e+000  1.000000e+000  1.000000e+000  2.000000e+001  0.000000e+000  6.890000e-004  0.000000e+000  0.000000e+000
   48 -1.414720e+002 -2.357870e+002    2    1  1.000000e+001  1.000000e+000  1.000000e+000  1.000000e+000  2.000000e+001  0.000000e+000  6.890000e-004  0.000000e+000  0.000000e+000
   49 -1.444820e+002 -2.408030e+002    3    1  1.000000e+001  1.000000e+000  1.000000e+000  1.000000e+000  2.000000e+001  0.000000e+000  1.870000e-003  0.000000e+000  0.000000e+000
   50 -1.474920e+002 -2.458200e+002    3    1  1.000000e+001  1.000000e+000  1.000000e+000  1.000000e+000  2.000000e+001  0.000000e+000  1.870000e-003  0.000000e+000  0.000000e+000
   51 -1.505020e+002 -2.508370e+002    3    1  1.000000e+001  1.000000e+000  1.000000e+000  1.000000e+000  2.000000e+001  0.000000e+000  1.870000e-003  0.000000e+000  0.000000e+000
   52 -1.535120e+002 -2.558530e+002    3    1  1.000000e+000  1.000000e+000  1.000000e+000  1.000000e+000  2.000000e+001  0.000000e+000  1.870000e-003  0.000000e+000  0.000000e+000
   53 -1.565220e+002 -2.608700e+002    3    1  1.000000e+000  1.000000e+000  1.000000e+000  1.000000e+000  2.000000e+001  0.000000e+000  1.870000e-003  0.000000e+000  0.000000e+000
   54 -1.595320e+002 -2.658870e+002    3    1  1.000000e+000  1.000000e+000  1.000000e+000  1.000000e+000  2.000000e+001  0.000000e+000  1.870000e-003  0.000000e+000  0.000000e+000
   55 -1.625420e+002 -2.709030e+002    3    1  1.000000e+000  1.000000e+000  1.000000e+000  1.000000e+000  2.000000e+001  0.000000e+000  1.870000e-003  0.000000e+000  0.000000e+000
   56 -1.655520e+002 -2.759200e+002    3    1  1.000000e+000  1.000000e+000  1.000000e+000  1.000000e+000  2.000000e+001  0.000000e+000  1.870000e-003  0.000000e+000  0.000000e+000
   57 -1.685620e+002 -2.809370e+002    3    1  1.000000e+000  1.000000e+000  1.000000e+000  1.000000e+000  2.000000e+001  0.000000e+000  1.870000e-003  0.000000e+000  0.000000e+000
   58 -1.715720e+002 -2.859530e+002    3    1  1.000000e+000  1.000000e+000  1.000000e+000  1.000000e+000  2.000000e+001  0.000000e+000  1.870000e-003  0.000000e+000  0.000000e+000
   59 -1.745820e+002 -2.909700e+002    3    1  1.000000e+000  1.000000e+000  1.000000e+000  1.000000e+000  2.000000e+001  0.000000e+000  1.870000e-003  0.000000e+000  0.000000e+000
   60 -1.775920e+002 -2.959870e+002    3    1  1.000000e+000  1.000000e+000  1.000000e+000  1.000000e+000  2.000000e+001  0.000000e+000  1.870000e-003  0.000000e+000  0.000000e+000
   61 -1.806020e+002 -3.010030e+002    3    1  1.000000e+000  1.000000e+000  1.000000e+000  1.000000e+000  2.000000e+001  0.000000e+000  1.870000e-003  0.000000e+000  0.000000e+000
   62 -1.836120e+002 -3.060200e+002    3    1  1.000000e+000  1.000000e+000  1.000000e+000  1.000000e+000  2.000000e+001  0.000000e+000  1.870000e-003  0.000000e+000  0.000000e+000
   63 -1.866220e+002 -3.110370e+002    4    1  1.000000e+000  1.000000e+000  1.000000e+000  1.000000e+000  2.000000e+001  0.000000e+000  5.660000e-003  0.000000e+000  0.000000e+000
   64 -1.896320e+002 -3.160530e+002    4    1  1.000000e+000  1.000000e+000  1.000000e+000  1.000000e+000  2.000000e+001  0.000000e+000  5.660000e-003  0.000000e+000  0.000000e+000
   65 -1.926420e+002 -3.210700e+002    4    1  1.000000e+000  1.000000e+000  1.000000e+000  1.000000e+000  2.000000e+001  0.000000e+000  5.660000e-003  0.000000e+000  0.000000e+000
   66 -1.956520e+002 -3.260870e+002    4    1  1.000000e+000  1.000000e+000  1.000000e+000  1.000000e+000  2.000000e+001  0.000000e+000  5.660000e-003  0.000000e+000  0.000000e+000
   67 -1.986620e+002 -3.311030e+002    4    1  1.000000e+000  1.000000e+000  1.000000e+000  1.000000e+000  2.000000e+001  0.000000e+000  5.660000e-003  0.000000e+000  0.000000e+000
   68 -2.016720e+002 -3.361200e+002    5    1  1.000000e+000  1.000000e+000  1.000000e+000  1.000000e+000  2.000000e+001  0.000000e+000  6.150000e-003  0.000000e+000  0.000000e+000
   69 -2.046820e+002 -3.411370e+002    5    1  1.000000e+000  1.000000e+000  1.000000e+000  1.000000e+000  2.000000e+001  0.000000e+000  6.150000e-003  0.000000e+000  0.000000e+000
   70 -2.076920e+002 -3.461530e+002    5    1  1.000000e+000  1.000000e+000  1.000000e+000  1.000000e+000  2.000000e+001  0.000000e+000  6.150000e-003  0.000000e+000  0.000000e+000
   71 -2.107020e+002 -3.511700e+002    5    1  1.000000e+000  1.000000e+000  1.000000e+000  1.000000e+000  2.000000e+001  0.000000e+000  6.150000e-003  0.000000e+000  0.000000e+000
   72 -2.137120e+002 -3.561870e+002    5    1  1.000000e+000  1.000000e+000  1.000000e+000  1.000000e+000  2.000000e+001  0.000000e+000  6.150000e-003  0.000000e+000  0.000000e+000
   73 -2.167220e+002 -3.612030e+002    5    1  1.000000e+000  1.000000e+000  1.000000e+000  1.000000e+000  2.000000e+001  0.000000e+000  6.150000e-003  0.000000e+000  0.000000e+000
   74 -2.197320e+002 -3.662200e+002    5    1  1.000000e+000  1.000000e+000  1.000000e+000  1.000000e+000  2.000000e+001  0.000000e+000  6.650000e-003  0.000000e+000  0.000000e+000
   75 -2.227420e+002 -3.712370e+002    5    1  1.000000e+000  1.000000e+000  1.000000e+000  1.000000e+000  2.000000e+001  0.000000e+000  6.650000e-003  0.000000e+000  0.000000e+000
   76 -2.257530e+002 -3.762550e+002    5    1  1.000000e+000  1.000000e+000  1.000000e+000  1.000000e+000  2.000000e+001  0.000000e+000  6.650000e-003  0.000000e+000  0.000000e+000
   77 -2.287620e+002 -3.812700e+002    5    1  1.000000e+000  1.000000e+000  1.000000e+000  1.000000e+000  2.000000e+001  0.000000e+000  6.650000e-003  0.000000e+000  0.000000e+000
   78 -2.317730e+002 -3.862880e+002    5    1  1.000000e+000  1.000000e+000  1.000000e+000  1.000000e+000  2.000000e+001  0.000000e+000  6.650000e-003  0.000000e+000  0.000000e+000
   79 -2.347830e+002 -3.913050e+002    5    1  1.000000e+000  1.000000e+000  1.000000e+000  1.000000e+000  2.000000e+001  0.000000e+000  6.650000e-003  0.000000e+000  0.000000e+000
   80 -2.377930e+002 -3.963220e+002    5    1  1.000000e+000  1.000000e+000  1.000000e+000  1.000000e+000  2.000000e+001  0.000000e+000  6.660000e-003  0.000000e+000  0.000000e+000
   81 -2.408030e+002 -4.013380e+002    5    1  1.000000e+000  1.000000e+000  1.000000e+000  1.000000e+000  2.000000e+001  0.000000e+000  6.660000e-003  0.000000e+000  0.000000e+000
   82 -2.438130e+002 -4.063550e+002    5    1  1.000000e+000  1.000000e+000  1.000000e+000  1.000000e+000  2.000000e+001  0.000000e+000  6.660000e-003  0.000000e+000  0.000000e+000
   83 -2.468230e+002 -4.113720e+002    5    1  1.000000e+000  1.000000e+000  1.000000e+000  1.000000e+000  2.000000e+001  0.000000e+000  6.660000e-003  0.000000e+000  0.000000e+000
   84 -2.498330e+002 -4.163880e+002    5    1  1.000000e+000  1.000000e+000  1.000000e+000  1.000000e+000  2.000000e+001  0.000000e+000  6.660000e-003  0.000000e+000  0.000000e+000
   85 -2.528430e+002 -4.214050e+002    5    1  1.000000e+000  1.000000e+000  1.000000e+000  1.000000e+000  2.000000e+001  0.000000e+000  6.660000e-003  0.000000e+000  0.000000e+000
   86 -2.558530e+002 -4.264220e+002    5    1  1.000000e+000  1.000000e+000  1.000000e+000  1.000000e+000  2.000000e+001  0.000000e+000  6.660000e-003  0.000000e+000  0.000000e+000
   87 -2.588630e+002 -4.314380e+002    5    1  1.000000e+000  1.000000e+000  1.000000e+000  1.000000e+000  2.000000e+001  0.000000e+000  6.330000e-003  0.000000e+000  0.000000e+000
   88 -2.618730e+002 -4.364550e+002    5    1  1.000000e+000  1.000000e+000  1.000000e+000  1.000000e+000  2.000000e+001  0.000000e+000  6.330000e-003  0.000000e+000  0.000000e+000
   89 -2.648830e+002 -4.414720e+002    5    1  1.000000e+000  1.000000e+000  1.000000e+000  1.000000e+000  2.000000e+001  0.000000e+000  6.330000e-003  0.000000e+000  0.000000e+000
   90 -2.678930e+002 -4.464880e+002    5    1  1.000000e+000  1.000000e+000  1.000000e+000  1.000000e+000  2.000000e+001  0.000000e+000  6.330000e-003  0.000000e+000  0.000000e+000
   91 -2.709030e+002 -4.515050e+002    5    1  1.000000e+000  1.000000e+000  1.000000e+000  1.000000e+000  2.000000e+001  0.000000e+000  1.360000e-002  0.000000e+000  0.000000e+000
   92 -2.739130e+002 -4.565220e+002    5    1  1.000000e+000  1.000000e+000  1.000000e+000  1.000000e+000  2.000000e+001  0.000000e+000  1.360000e-002  0.000000e+000  0.000000e+000
   93 -2.769230e+002 -4.615380e+002    6    1  1.000000e+000  1.000000e+000  1.000000e+000  1.000000e+000  2.000000e+001  0.000000e+000  1.820000e-002  0.000000e+000  0.000000e+000
   94 -2.799330e+002 -4.665550e+002    6    1  1.000000e+000  1.000000e+000  1.000000e+000  1.000000e+000  2.000000e+001  0.000000e+000  1.820000e-002  0.000000e+000  0.000000e+000
   95 -2.829430e+002 -4.715720e+002    6    1  1.000000e+000  1.000000e+000  1.000000e+000  1.000000e+000  2.000000e+001  0.000000e+000  1.820000e-002  0.000000e+000  0.000000e+000
   96 -2.859530e+002 -4.765880e+002    6    1  1.000000e+000  1.000000e+000  1.000000e+000  1.000000e+000  2.000000e+001  0.000000e+000  1.820000e-002  0.000000e+000  0.000000e+000
   97 -2.889630e+002 -4.816050e+002    6    1  1.000000e+000  1.000000e+000  1.000000e+000  1.000000e+000  2.000000e+001  0.000000e+000  1.820000e-002  0.000000e+000  0.000000e+000
   98 -2.919730e+002 -4.866220e+002    6    1  1.000000e+000  1.000000e+000  1.000000e+000  1.000000e+000  2.000000e+001  0.000000e+000  1.820000e-002  0.000000e+000  0.000000e+000
   99 -2.949830e+002 -4.916380e+002    6    1  1.000000e+000  1.000000e+000  1.000000e+000  1.000000e+000  2.000000e+001  0.000000e+000  1.820000e-002  0.000000e+000  0.000000e+000
  100 -2.979930e+002 -4.966550e+002    6    1  1.000000e+000  1.000000e+000  1.000000e+000  1.000000e+000  2.000000e+001  0.000000e+000  1.820000e-002  0.000000e+000  0.000000e+000
  101 -3.010030e+002 -5.016720e+002    6    1  1.000000e+000  1.000000e+000  1.000000e+000  1.000000e+000  2.000000e+001  0.000000e+000  2.400000e-002  0.000000e+000  0.000000e+000
  102 -3.040130e+002 -5.066880e+002    6    1  0.000000e+000  1.000000e+000  1.000000e+000  1.000000e+000  2.000000e+001  0.000000e+000  2.400000e-002  0.000000e+000  0.000000e+000
  103 -3.070230e+002 -5.117050e+002    6    1  0.000000e+000  1.000000e+000  1.000000e+000  1.000000e+000  2.000000e+001  0.000000e+000  2.400000e-002  0.000000e+000  0.000000e+000
  104 -3.100330e+002 -5.167220e+002    6    1  0.000000e+000  1.000000e+000  1.000000e+000  1.000000e+000  2.000000e+001  0.000000e+000  2.400000e-002  0.000000e+000  0.000000e+000
  105 -3.130430e+002 -5.217380e+002    6    1  0.000000e+000  1.000000e+000  1.000000e+000  1.000000e+000  2.000000e+001  0.000000e+000  2.400000e-002  0.000000e+000  0.000000e+000
  106 -3.160530e+002 -5.267550e+002    6    1  0.000000e+000  1.000000e+000  1.000000e+000  1.000000e+000  2.000000e+001  0.000000e+000  2.400000e-002  0.000000e+000  0.000000e+000
  107 -3.190640e+002 -5.317730e+002    6    1  0.000000e+000  1.000000e+000  1.000000e+000  1.000000e+000  2.000000e+001  0.000000e+000  2.400000e-002  0.000000e+000  0.000000e+000
  108 -3.220740e+002 -5.367900e+002    6    1  0.000000e+000  1.000000e+000  1.000000e+000  1.000000e+000  2.000000e+001  0.000000e+000  2.400000e-002  0.000000e+000  0.000000e+000
  109 -3.250840e+002 -5.418070e+002    6    1  0.000000e+000  1.000000e+000  1.000000e+000  1.000000e+000  2.000000e+001  0.000000e+000  2.400000e-002  0.000000e+000  0.000000e+000
  110 -3.280940e+002 -5.468230e+002    6    1  0.000000e+000  1.000000e+000  1.000000e+000  1.000000e+000  2.000000e+001  0.000000e+000  2.400000e-002  0.000000e+000  0.000000e+000
  111 -3.311040e+002 -5.518400e+002    6    1  0.000000e+000  1.000000e+000  1.000000e+000  1.000000e+000  2.000000e+001  0.000000e+000  2.400000e-002  0.000000e+000  0.000000e+000
  112 -3.341140e+002 -5.568570e+002    6    1  0.000000e+000  1.000000e+000  1.000000e+000  1.000000e+000  2.000000e+001  0.000000e+000  2.400000e-002  0.000000e+000  0.000000e+000
  113 -3.371240e+002 -5.618730e+002    6    1  0.000000e+000  1.000000e+000  1.000000e+000  1.000000e+000  2.000000e+001  0.000000e+000  2.430000e-002  0.000000e+000  0.000000e+000
  114 -3.401340e+002 -5.668900e+002    6    1  0.000000e+000  1.000000e+000  1.000000e+000  1.000000e+000  2.000000e+001  0.000000e+000  2.430000e-002  0.000000e+000  0.000000e+000
  115 -3.431440e+002 -5.719070e+002    7    1  0.000000e+000  1.000000e+000  1.000000e+000  1.000000e+000  2.000000e+001  0.000000e+000  3.320000e-002  0.000000e+000  0.000000e+000
  116 -3.461540e+002 -5.769230e+002    7    1  0.000000e+000  1.000000e+000  1.000000e+000  1.000000e+000  2.000000e+001  0.000000e+000  3.320000e-002  0.000000e+000  0.000000e+000
  117 -3.491640e+002 -5.819400e+002    7    1  0.000000e+000  1.000000e+000  1.000000e+000  1.000000e+000  2.000000e+001  0.000000e+000  3.320000e-002  0.000000e+000  0.000000e+000
  118 -3.521740e+002 -5.869570e+002    7    1  0.000000e+000  1.000000e+000  1.000000e+000  1.000000e+000  2.000000e+001  0.000000e+000  3.320000e-002  0.000000e+000  0.000000e+000
  119 -3.551840e+002 -5.919730e+002    7    1  0.000000e+000  1.000000e+000  1.000000e+000  1.000000e+000  2.000000e+001  0.000000e+000  3.320000e-002  0.000000e+000  0.000000e+000
  120 -3.581940e+002 -5.969900e+002    7    1  0.000000e+000  1.000000e+000  1.000000e+000  1.000000e+000  2.000000e+001  0.000000e+000  3.320000e-002  0.000000e+000  0.000000e+000
  121 -3.612040e+002 -6.020070e+002    7    1  0.000000e+000  1.000000e+000  1.000000e+000  1.000000e+000  2.000000e+001  0.000000e+000  3.320000e-002  0.000000e+000  0.000000e+000
  122 -3.642140e+002 -6.070230e+002    7    1  0.000000e+000  1.000000e+000  1.000000e+000  1.000000e+000  2.000000e+001  0.000000e+000  3.320000e-002  0.000000e+000  0.000000e+000
  123 -3.672240e+002 -6.120400e+002    7    1  0.000000e+000  1.000000e+000  1.000000e+000  1.000000e+000  2.000000e+001  0.000000e+000  3.320000e-002  0.000000e+000  0.000000e+000
  124 -3.702340e+002 -6.170570e+002    7    1  0.000000e+000  1.000000e+000  1.000000e+000  1.000000e+000  2.000000e+001  0.000000e+000  3.320000e-002  0.000000e+000  0.000000e+000
  125 -3.732440e+002 -6.220730e+002    7    1  0.000000e+000  1.000000e+000  1.000000e+000  1.000000e+000  2.000000e+001  0.000000e+000  3.320000e-002  0.000000e+000  0.000000e+000
  126 -3.762540e+002 -6.270900e+002    7    1  0.000000e+000  1.000000e+000  1.000000e+000  1.000000e+000  2.000000e+001  0.000000e+000  3.320000e-002  0.000000e+000  0.000000e+000
  127 -3.792640e+002 -6.321070e+002    7    1  0.000000e+000  1.000000e+000  1.000000e+000  1.000000e+000  2.000000e+001  0.000000e+000  3.320000e-002  0.000000e+000  0.000000e+000
  128 -3.822740e+002 -6.371230e+002    7    1  0.000000e+000  1.000000e+000  1.000000e+000  1.000000e+000  2.000000e+001  0.000000e+000  3.320000e-002  0.000000e+000  0.000000e+000
  129 -3.852840e+002 -6.421400e+002    7    1  0.000000e+000  1.000000e+000  1.000000e+000  1.000000e+000  2.000000e+001  0.000000e+000  3.320000e-002  0.000000e+000  0.000000e+000
  130 -3.882940e+002 -6.471570e+002    7    1  0.000000e+000  1.000000e+000  1.000000e+000  1.000000e+000  2.000000e+001  0.000000e+000  2.280000e-002  0.000000e+000  0.000000e+000
  131 -3.913040e+002 -6.521730e+002    8    1  0.000000e+000  1.000000e+000  1.000000e+000  1.000000e+000  2.000000e+001  0.000000e+000  2.280000e-002  0.000000e+000  0.000000e+000
  132 -3.943140e+002 -6.571900e+002    8    1  0.000000e+000  1.000000e+000  1.000000e+000  1.000000e+000  2.000000e+001  0.000000e+000  2.280000e-002  0.000000e+000  0.000000e+000
  133 -3.973240e+002 -6.622070e+002    8    1  0.000000e+000  1.000000e+000  1.000000e+000  1.000000e+000  2.000000e+001  0.000000e+000  2.280000e-002  0.000000e+000  0.000000e+000
  134 -4.003340e+002 -6.672230e+002    8    1  0.000000e+000  1.000000e+000  1.000000e+000  1.000000e+000  2.000000e+001  0.000000e+000  1.240000e-002  0.000000e+000  0.000000e+000
  135 -4.033450e+002 -6.722420e+002    8    1  0.000000e+000  1.000000e+000  1.000000e+000  1.000000e+000  2.000000e+001  0.000000e+000  1.240000e-002  0.000000e+000  0.000000e+000
  136 -4.063540e+002 -6.772570e+002    8    1  0.000000e+000  1.000000e+000  1.000000e+000  1.000000e+000  2.000000e+001  0.000000e+000  1.240000e-002  0.000000e+000  0.000000e+000
  137 -4.093650e+002 -6.822750e+002    8    1  0.000000e+000  1.000000e+000  1.000000e+000  1.000000e+000  2.000000e+001  0.000000e+000  1.240000e-002  0.000000e+000  0.000000e+000
  138 -4.123750e+002 -6.872920e+002    8    1  0.000000e+000  1.000000e+000  1.000000e+000  1.000000e+000  2.000000e+001  0.000000e+000  1.240000e-002  0.000000e+000  0.000000e+000
  139 -4.153850e+002 -6.923080e+002    8    1  0.000000e+000  1.000000e+000  1.000000e+000  1.000000e+000  2.000000e+001  0.000000e+000  1.240000e-002  0.000000e+000  0.000000e+000
  140 -4.183950e+002 -6.973250e+002    8    1  0.000000e+000  1.000000e+000  1.000000e+000  1.000000e+000  2.000000e+001  0.000000e+000  1.240000e-002  0.000000e+000  0.000000e+000
  141 -4.214050e+002 -7.023420e+002    8    1  0.000000e+000  1.000000e+000  1.000000e+000  1.000000e+000  2.000000e+001  0.000000e+000  1.240000e-002  0.000000e+000  0.000000e+000
  142 -4.244150e+002 -7.073580e+002    8    1  0.000000e+000  1.000000e+000  1.000000e+000  1.000000e+000  2.000000e+001  0.000000e+000  1.240000e-002  0.000000e+000  0.000000e+000
  143 -4.274250e+002 -7.123750e+002    8    1  0.000000e+000  1.000000e+000  1.000000e+000  1.000000e+000  2.000000e+001  0.000000e+000  1.240000e-002  0.000000e+000  0.000000e+000
  144 -4.304350e+002 -7.173920e+002    8    1  0.000000e+000  1.000000e+000  1.000000e+000  1.000000e+000  2.000000e+001  0.000000e+000  1.240000e-002  0.000000e+000  0.000000e+000
  145 -4.334450e+002 -7.224080e+002    8    1  0.000000e+000  1.000000e+000  1.000000e+000  1.000000e+000  2.000000e+001  0.000000e+000  1.240000e-002  0.000000e+000  0.000000e+000
  146 -4.364550e+002 -7.274250e+002    8    1  0.000000e+000  1.000000e+000  1.000000e+000  1.000000e+000  2.000000e+001  0.000000e+000  1.240000e-002  0.000000e+000  0.000000e+000
  147 -4.394650e+002 -7.324420e+002    9    1  0.000000e+000  1.000000e+000  1.000000e+000  1.000000e+000  2.000000e+001  0.000000e+000  3.510000e-003  0.000000e+000  0.000000e+000
  148 -4.424750e+002 -7.374580e+002    9    1  0.000000e+000  1.000000e+000  1.000000e+000  1.000000e+000  2.000000e+001  0.000000e+000  3.510000e-003  0.000000e+000  0.000000e+000
  149 -4.454850e+002 -7.424750e+002    9    1  0.000000e+000  1.000000e+000  1.000000e+000  1.000000e+000  2.000000e+001  0.000000e+000  3.510000e-003  0.000000e+000  0.000000e+000
  150 -4.484950e+002 -7.474920e+002    9    1  0.000000e+000  1.000000e+000  1.000000e+000  1.000000e+000  2.000000e+001  0.000000e+000  3.510000e-003  0.000000e+000  0.000000e+000
  151 -4.515050e+002 -7.525080e+002    9    1  0.000000e+000  1.000000e+000  1.000000e+000  1.000000e+000  2.000000e+001  0.000000e+000  3.510000e-003  0.000000e+000  0.000000e+000
  152 -4.545150e+002 -7.575250e+002    9    1  0.000000e+000  1.000000e+000  1.000000e+000  1.000000e+000  2.000000e+001  0.000000e+000  3.510000e-003  0.000000e+000  0.000000e+000
  153 -4.575250e+002 -7.625420e+002    9    1  0.000000e+000  1.000000e+000  1.000000e+000  1.000000e+000  2.000000e+001  0.000000e+000  3.510000e-003  0.000000e+000  0.000000e+000
  154 -4.605350e+002 -7.675580e+002    9    1  0.000000e+000  1.000000e+000  1.000000e+000  1.000000e+000  2.000000e+001  0.000000e+000  3.510000e-003  0.000000e+000  0.000000e+000
  155 -4.635450e+002 -7.725750e+002    9    1  0.000000e+000  1.000000e+000  1.000000e+000  1.000000e+000  2.000000e+001  0.000000e+000  3.510000e-003  0.000000e+000  0.000000e+000
  156 -4.665550e+002 -7.775920e+002    9    1  0.000000e+000  1.000000e+000  1.000000e+000  1.000000e+000  2.000000e+001  0.000000e+000  8.970000e-003  0.000000e+000  0.000000e+000
  157 -4.695650e+002 -7.826080e+002    9    1  0.000000e+000  1.000000e+000  1.000000e+000  1.000000e+000  2.000000e+001  0.000000e+000  8.970000e-003  0.000000e+000  0.000000e+000
  158 -4.725750e+002 -7.876250e+002    9    1  0.000000e+000  1.000000e+000  1.000000e+000  1.000000e+000  2.000000e+001  0.000000e+000  8.970000e-003  0.000000e+000  0.000000e+000
  159 -4.755850e+002 -7.926420e+002    9    1  0.000000e+000  1.000000e+000  1.000000e+000  1.000000e+000  2.000000e+001  0.000000e+000  8.970000e-003  0.000000e+000  0.000000e+000
  160 -4.785950e+002 -7.976580e+002    9    1  0.000000e+000  1.000000e+000  1.000000e+000  1.000000e+000  2.000000e+001  0.000000e+000  8.970000e-003  0.000000e+000  0.000000e+000
  161 -4.816050e+002 -8.026750e+002    9    1  0.000000e+000  1.000000e+000  1.000000e+000  1.000000e+000  2.000000e+001  0.000000e+000  8.970000e-003  0.000000e+000  0.000000e+000
  162 -4.846150e+002 -8.076920e+002    9    1  0.000000e+000  1.000000e+000  1.000000e+000  1.000000e+000  2.000000e+001  0.000000e+000  7.590000e-003  0.000000e+000  0.000000e+000
  163 -4.876250e+002 -8.127080e+002    9    1  0.000000e+000  1.000000e+000  1.000000e+000  1.000000e+000  2.000000e+001  0.000000e+000  7.590000e-003  0.000000e+000  0.000000e+000
  164 -4.906350e+002 -8.177250e+002   10    1  0.000000e+000  1.000000e+000  1.000000e+000  1.000000e+000  2.000000e+001  0.000000e+000  1.050000e-002  0.000000e+000  0.000000e+000
  165 -4.936460e+002 -8.227430e+002   10    1  0.000000e+000  1.000000e+000  1.000000e+000  1.000000e+000  2.000000e+001  0.000000e+000  1.050000e-002  0.000000e+000  0.000000e+000
  166 -4.966550e+002 -8.277580e+002   10    1  0.000000e+000  1.000000e+000  1.000000e+000  1.000000e+000  2.000000e+001  0.000000e+000  1.050000e-002  0.000000e+000  0.000000e+000
  167 -4.996650e+002 -8.327750e+002   10    1  0.000000e+000  1.000000e+000  1.000000e+000  1.000000e+000  2.000000e+001  0.000000e+000  1.050000e-002  0.000000e+000  0.000000e+000
  168 -5.026760e+002 -8.377930e+002   11    1  0.000000e+000  1.000000e+000  1.000000e+000  1.000000e+000  2.000000e+001  0.000000e+000  2.300000e-003  0.000000e+000  0.000000e+000
  169 -5.056860e+002 -8.428100e+002   11    1  0.000000e+000  1.000000e+000  1.000000e+000  1.000000e+000  2.000000e+001  0.000000e+000  2.300000e-003  0.000000e+000  0.000000e+000
  170 -5.086960e+002 -8.478270e+002   11    1  0.000000e+000  1.000000e+000  1.000000e+000  1.000000e+000  2.000000e+001  0.000000e+000  2.300000e-003  0.000000e+000  0.000000e+000
  171 -5.117060e+002 -8.528430e+002   11    1  0.000000e+000  1.000000e+000  1.000000e+000  1.000000e+000  2.000000e+001  0.000000e+000  2.300000e-003  0.000000e+000  0.000000e+000
  172 -5.147160e+002 -8.578600e+002   11    1  0.000000e+000  1.000000e+000  1.000000e+000  1.000000e+000  2.000000e+001  0.000000e+000  2.300000e-003  0.000000e+000  0.000000e+000
  173 -5.177260e+002 -8.628770e+002   11    1  0.000000e+000  1.000000e+000  1.000000e+000  1.000000e+000  2.000000e+001  0.000000e+000  2.300000e-003  0.000000e+000  0.000000e+000
  174 -5.207360e+002 -8.678930e+002   11    1  0.000000e+000  1.000000e+000  1.000000e+000  1.000000e+000  2.000000e+001  0.000000e+000  2.300000e-003  0.000000e+000  0.000000e+000
  175 -5.237460e+002 -8.729100e+002   11    1  0.000000e+000  1.000000e+000  1.000000e+000  1.000000e+000  2.000000e+001  0.000000e+000  2.300000e-003  0.000000e+000  0.000000e+000
  176 -5.267560e+002 -8.779270e+002   11    1  0.000000e+000  1.000000e+000  1.000000e+000  1.000000e+000  2.000000e+001  0.000000e+000  2.300000e-003  0.000000e+000  0.000000e+000
  177 -5.297660e+002 -8.829430e+002   11    1  0.000000e+000  1.000000e+000  1.000000e+000  1.000000e+000  2.000000e+001  0.000000e+000  2.300000e-003  0.000000e+000  0.000000e+000
  178 -5.327760e+002 -8.879600e+002   11    1  0.000000e+000  1.000000e+000  1.000000e+000  1.000000e+000  2.000000e+001  0.000000e+000  2.300000e-003  0.000000e+000  0.000000e+000
  179 -5.357860e+002 -8.929770e+002   11    1  0.000000e+000  1.000000e+000  1.000000e+000  1.000000e+000  2.000000e+001  0.000000e+000  2.300000e-003  0.000000e+000  0.000000e+000
  180 -5.387960e+002 -8.979930e+002   11    1  0.000000e+000  1.000000e+000  1.000000e+000  1.000000e+000  2.000000e+001  0.000000e+000  2.300000e-003  0.000000e+000  0.000000e+000
  181 -5.418060e+002 -9.030100e+002   11    1  0.000000e+000  1.000000e+000  1.000000e+000  1.000000e+000  2.000000e+001  0.000000e+000  2.300000e-003  0.000000e+000  0.000000e+000
  182 -5.448160e+002 -9.080270e+002   11    1  0.000000e+000  1.000000e+000  1.000000e+000  1.000000e+000  2.000000e+001  0.000000e+000  2.300000e-003  0.000000e+000  0.000000e+000
  183 -5.478260e+002 -9.130430e+002   11    1  0.000000e+000  1.000000e+000  1.000000e+000  1.000000e+000  2.000000e+001  0.000000e+000  2.300000e-003  0.000000e+000  0.000000e+000
  184 -5.508360e+002 -9.180600e+002   11    1  0.000000e+000  1.000000e+000  1.000000e+000  1.000000e+000  2.000000e+001  0.000000e+000  2.300000e-003  0.000000e+000  0.000000e+000
  185 -5.538460e+002 -9.230770e+002   11    1  0.000000e+000  1.000000e+000  1.000000e+000  1.000000e+000  2.000000e+001  0.000000e+000  2.300000e-003  0.000000e+000  0.000000e+000
  186 -5.568560e+002 -9.280930e+002   11    1  0.000000e+000  1.000000e+000  1.000000e+000  1.000000e+000  2.000000e+001  0.000000e+000  2.300000e-003  0.000000e+000  0.000000e+000
  187 -5.598660e+002 -9.331100e+002   11    1  0.000000e+000  1.000000e+000  1.000000e+000  1.000000e+000  2.000000e+001  0.000000e+000  2.300000e-003  0.000000e+000  0.000000e+000
  188 -5.628760e+002 -9.381270e+002   11    1  0.000000e+000  1.000000e+000  1.000000e+000  1.000000e+000  2.000000e+001  0.000000e+000  3.610000e-003  0.000000e+000  0.000000e+000
  189 -5.658860e+002 -9.431430e+002   11    1  0.000000e+000  1.000000e+000  1.000000e+000  1.000000e+000  2.000000e+001  0.000000e+000  3.610000e-003  0.000000e+000  0.000000e+000
  190 -5.688960e+002 -9.481600e+002   12    1  0.000000e+000  1.000000e+000  1.000000e+000  1.000000e+000  2.000000e+001  0.000000e+000  7.540000e-003  0.000000e+000  0.000000e+000
  191 -5.719060e+002 -9.531770e+002   12    1  0.000000e+000  1.000000e+000  1.000000e+000  1.000000e+000  2.000000e+001  0.000000e+000  7.540000e-003  0.000000e+000  0.000000e+000
  192 -5.749160e+002 -9.581930e+002   12    1  0.000000e+000  1.000000e+000  1.000000e+000  1.000000e+000  2.000000e+001  0.000000e+000  7.540000e-003  0.000000e+000  0.000000e+000
  193 -5.779260e+002 -9.632100e+002   12    1  0.000000e+000  1.000000e+000  1.000000e+000  1.000000e+000  2.000000e+001  0.000000e+000  7.540000e-003  0.000000e+000  0.000000e+000
  194 -5.809370e+002 -9.682280e+002   12    1  0.000000e+000  1.000000e+000  1.000000e+000  1.000000e+000  2.000000e+001  0.000000e+000  7.540000e-003  0.000000e+000  0.000000e+000
  195 -5.839460e+002 -9.732430e+002   12    1  0.000000e+000  1.000000e+000  1.000000e+000  1.000000e+000  2.000000e+001  0.000000e+000  7.540000e-003  0.000000e+000  0.000000e+000
  196 -5.869560e+002 -9.782600e+002   12    1  0.000000e+000  1.000000e+000  1.000000e+000  1.000000e+000  2.000000e+001  0.000000e+000  7.540000e-003  0.000000e+000  0.000000e+000
  197 -5.899670e+002 -9.832780e+002   13    1  0.000000e+000  1.000000e+000  1.000000e+000  1.000000e+000  2.000000e+001  0.000000e+000  3.360000e-003  0.000000e+000  0.000000e+000
  198 -5.929770e+002 -9.882950e+002   13    1  0.000000e+000  1.000000e+000  1.000000e+000  1.000000e+000  2.000000e+001  0.000000e+000  3.360000e-003  0.000000e+000  0.000000e+000
  199 -5.959870e+002 -9.933120e+002   13    1  0.000000e+000  1.000000e+000  1.000000e+000  1.000000e+000  2.000000e+001  0.000000e+000  3.360000e-003  0.000000e+000  0.000000e+000
  200 -5.989970e+002 -9.983280e+002   13    1  0.000000e+000  1.000000e+000  1.000000e+000  1.000000e+000  2.000000e+001  0.000000e+000  3.360000e-003  0.000000e+000  0.000000e+000
  201 -6.020070e+002 -1.003340e+003   14    1  0.000000e+000  1.000000e+000  1.000000e+000  1.000000e+000  2.000000e+001  0.000000e+000  8.780000e-003  0.000000e+000  0.000000e+000
  202 -6.050170e+002 -1.008360e+003   14    1  0.000000e+000  1.000000e+000  1.000000e+000  1.000000e+000  2.000000e+001  0.000000e+000  8.780000e-003  0.000000e+000  0.000000e+000
  203 -6.080270e+002 -1.013380e+003   14    1  0.000000e+000  1.000000e+000  1.000000e+000  1.000000e+000  2.000000e+001  0.000000e+000  6.470000e-003  0.000000e+000  0.000000e+000
  204 -6.110370e+002 -1.018400e+003   14    1  0.000000e+000  1.000000e+000  1.000000e+000  1.000000e+000  2.000000e+001  0.000000e+000  6.470000e-003  0.000000e+000  0.000000e+000
  205 -6.140470e+002 -1.023410e+003   14    1  0.000000e+000  1.000000e+000  1.000000e+000  1.000000e+000  2.000000e+001  0.000000e+000  6.470000e-003  0.000000e+000  0.000000e+000
  206 -6.170570e+002 -1.028430e+003   14    1  0.000000e+000  1.000000e+000  1.000000e+000  1.000000e+000  2.000000e+001  0.000000e+000  6.470000e-003  0.000000e+000  0.000000e+000
  207 -6.200670e+002 -1.033440e+003   14    1  0.000000e+000  1.000000e+000  1.000000e+000  1.000000e+000  2.000000e+001  0.000000e+000  6.470000e-003  0.000000e+000  0.000000e+000
  208 -6.230770e+002 -1.038460e+003   14    1  0.000000e+000  1.000000e+000  1.000000e+000  1.000000e+000  2.000000e+001  0.000000e+000  6.470000e-003  0.000000e+000  0.000000e+000
  209 -6.260870e+002 -1.043480e+003   14    1  0.000000e+000  1.000000e+000  1.000000e+000  1.000000e+000  2.000000e+001  0.000000e+000  6.470000e-003  0.000000e+000  0.000000e+000
  210 -6.290970e+002 -1.048490e+003   15    1  0.000000e+000  1.000000e+000  1.000000e+000  1.000000e+000  2.000000e+001  0.000000e+000  2.320000e-003  0.000000e+000  0.000000e+000
  211 -6.321070e+002 -1.053510e+003   15    1  0.000000e+000  1.000000e+000  1.000000e+000  1.000000e+000  2.000000e+001  0.000000e+000  2.320000e-003  0.000000e+000  0.000000e+000
  212 -6.351170e+002 -1.058530e+003   15    1  0.000000e+000  1.000000e+000  1.000000e+000  1.000000e+000  2.000000e+001  0.000000e+000  2.320000e-003  0.000000e+000  0.000000e+000
  213 -6.381270e+002 -1.063550e+003   15    1  0.000000e+000  1.000000e+000  1.000000e+000  1.000000e+000  2.000000e+001  0.000000e+000  2.320000e-003  0.000000e+000  0.000000e+000
  214 -6.411370e+002 -1.068560e+003   15    1  0.000000e+000  1.000000e+000  1.000000e+000  1.000000e+000  2.000000e+001  0.000000e+000  2.320000e-003  0.000000e+000  0.000000e+000
  215 -6.441470e+002 -1.073580e+003   15    1  0.000000e+000  1.000000e+000  1.000000e+000  1.000000e+000  2.000000e+001  0.000000e+000  2.320000e-003  0.000000e+000  0.000000e+000
  216 -6.471570e+002 -1.078590e+003   15    1  0.000000e+000  1.000000e+000  1.000000e+000  1.000000e+000  2.000000e+001  0.000000e+000  2.320000e-003  0.000000e+000  0.000000e+000
  217 -6.501670e+002 -1.083610e+003   15    1  0.000000e+000  1.000000e+000  1.000000e+000  1.000000e+000  2.000000e+001  0.000000e+000  2.320000e-003  0.000000e+000  0.000000e+000
  218 -6.531770e+002 -1.088630e+003   16    1  0.000000e+000  1.000000e+000  1.000000e+000  1.000000e+000  2.000000e+001  0.000000e+000  7.860000e-003  0.000000e+000  0.000000e+000
  219 -6.561870e+002 -1.093650e+003   16    1  0.000000e+000  1.000000e+000  1.000000e+000  1.000000e+000  2.000000e+001  0.000000e+000  7.860000e-003  0.000000e+000  0.000000e+000
  220 -6.591970e+002 -1.098660e+003   16    1  0.000000e+000  1.000000e+000  1.000000e+000  1.000000e+000  2.000000e+001  0.000000e+000  7.860000e-003  0.000000e+000  0.000000e+000
  221 -6.622070e+002 -1.103680e+003   16    1  0.000000e+000  1.000000e+000  1.000000e+000  1.000000e+000  2.000000e+001  0.000000e+000  7.860000e-003  0.000000e+000  0.000000e+000
  222 -6.652170e+002 -1.108690e+003   16    1  0.000000e+000  1.000000e+000  1.000000e+000  1.000000e+000  2.000000e+001  0.000000e+000  7.860000e-003  0.000000e+000  0.000000e+000
  223 -6.682270e+002 -1.113710e+003   16    1  0.000000e+000  1.000000e+000  1.000000e+000  1.000000e+000  2.000000e+001  0.000000e+000  7.860000e-003  0.000000e+000  0.000000e+000
  224 -6.712370e+002 -1.118730e+003   17    1  0.000000e+000  1.000000e+000  1.000000e+000  1.000000e+000  2.000000e+001  0.000000e+000  2.430000e-003  0.000000e+000  0.000000e+000
  225 -6.742470e+002 -1.123740e+003   17    1  0.000000e+000  1.000000e+000  1.000000e+000  1.000000e+000  2.000000e+001  0.000000e+000  2.430000e-003  0.000000e+000  0.000000e+000
  226 -6.772580e+002 -1.128760e+003   17    1  0.000000e+000  1.000000e+000  1.000000e+000  1.000000e+000  2.000000e+001  0.000000e+000  2.430000e-003  0.000000e+000  0.000000e+000
  227 -6.802680e+002 -1.133780e+003   17    1  0.000000e+000  1.000000e+000  1.000000e+000  1.000000e+000  2.000000e+001  0.000000e+000  2.430000e-003  0.000000e+000  0.000000e+000
  228 -6.832780e+002 -1.138800e+003   17    1  0.000000e+000  1.000000e+000  1.000000e+000  1.000000e+000  2.000000e+001  0.000000e+000  2.430000e-003  0.000000e+000  0.000000e+000
  229 -6.862880e+002 -1.143810e+003   17    1  0.000000e+000  1.000000e+000  1.000000e+000  1.000000e+000  2.000000e+001  0.000000e+000  2.430000e-003  0.000000e+000  0.000000e+000
  230 -6.892980e+002 -1.148830e+003   17    1  0.000000e+000  1.000000e+000  1.000000e+000  1.000000e+000  2.000000e+001  0.000000e+000  2.430000e-003  0.000000e+000  0.000000e+000
  231 -6.923080e+002 -1.153850e+003   17    1  0.000000e+000  1.000000e+000  1.000000e+000  1.000000e+000  2.000000e+001  0.000000e+000  2.430000e-003  0.000000e+000  0.000000e+000
  232 -6.953180e+002 -1.158860e+003   17    1  0.000000e+000  1.000000e+000  1.000000e+000  1.000000e+000  2.000000e+001  0.000000e+000  2.430000e-003  0.000000e+000  0.000000e+000
  233 -6.983280e+002 -1.163880e+003   17    1  0.000000e+000  1.000000e+000  1.000000e+000  1.000000e+000  2.000000e+001  0.000000e+000  2.430000e-003  0.000000e+000  0.000000e+000
  234 -7.013380e+002 -1.168900e+003   17    1  0.000000e+000  1.000000e+000  1.000000e+000  1.000000e+000  2.000000e+001  0.000000e+000  3.740000e-003  0.000000e+000  0.000000e+000
  235 -7.043480e+002 -1.173910e+003   17    1  0.000000e+000  1.000000e+000  1.000000e+000  1.000000e+000  2.000000e+001  0.000000e+000  3.740000e-003  0.000000e+000  0.000000e+000
  236 -7.073580e+002 -1.178930e+003   17    1  0.000000e+000  1.000000e+000  1.000000e+000  1.000000e+000  2.000000e+001  0.000000e+000  7.500000e-003  0.000000e+000  0.000000e+000
  237 -7.103680e+002 -1.183950e+003   17    1  0.000000e+000  1.000000e+000  1.000000e+000  1.000000e+000  2.000000e+001  0.000000e+000  1.760000e-002  0.000000e+000  0.000000e+000
  238 -7.133780e+002 -1.188960e+003   18    1  0.000000e+000  1.000000e+000  1.000000e+000  1.000000e+000  2.000000e+001  0.000000e+000  1.760000e-002  0.000000e+000  0.000000e+000
  239 -7.163880e+002 -1.193980e+003   18    1  0.000000e+000  1.000000e+000  1.000000e+000  1.000000e+000  2.000000e+001  0.000000e+000  1.760000e-002  0.000000e+000  0.000000e+000
  240 -7.193980e+002 -1.199000e+003   18    1  0.000000e+000  1.000000e+000  1.000000e+000  1.000000e+000  2.000000e+001  0.000000e+000  1.760000e-002  0.000000e+000  0.000000e+000
  241 -7.224080e+002 -1.204010e+003   18    1  0.000000e+000  1.000000e+000  1.000000e+000  1.000000e+000  2.000000e+001  0.000000e+000  1.760000e-002  0.000000e+000  0.000000e+000
  242 -7.254180e+002 -1.209030e+003   18    1  0.000000e+000  1.000000e+000  1.000000e+000  1.000000e+000  2.000000e+001  0.000000e+000  1.760000e-002  0.000000e+000  0.000000e+000
  243 -7.284280e+002 -1.214050e+003   18    1  0.000000e+000  1.000000e+000  1.000000e+000  1.000000e+000  2.000000e+001  0.000000e+000  1.760000e-002  0.000000e+000  0.000000e+000
  244 -7.314380e+002 -1.219060e+003   18    1  0.000000e+000  1.000000e+000  1.000000e+000  1.000000e+000  2.000000e+001  0.000000e+000  1.760000e-002  0.000000e+000  0.000000e+000
  245 -7.344480e+002 -1.224080e+003   18    1  0.000000e+000  1.000000e+000  1.000000e+000  1.000000e+000  2.000000e+001  0.000000e+000  1.760000e-002  0.000000e+000  0.000000e+000
  246 -7.374580e+002 -1.229100e+003   18    1  0.000000e+000  1.000000e+000  1.000000e+000  1.000000e+000  2.000000e+001  0.000000e+000  1.760000e-002  0.000000e+000  0.000000e+000
  247 -7.404680e+002 -1.234110e+003   18    1  0.000000e+000  1.000000e+000  1.000000e+000  1.000000e+000  2.000000e+001  0.000000e+000  1.760000e-002  0.000000e+000  0.000000e+000
  248 -7.434780e+002 -1.239130e+003   18    1  0.000000e+000  1.000000e+000  1.000000e+000  1.000000e+000  2.000000e+001  0.000000e+000  1.760000e-002  0.000000e+000  0.000000e+000
  249 -7.464880e+002 -1.244150e+003   18    1  0.000000e+000  1.000000e+000  1.000000e+000  1.000000e+000  2.000000e+001  0.000000e+000  1.760000e-002  0.000000e+000  0.000000e+000
  250 -7.494980e+002 -1.249160e+003   18    1  0.000000e+000  1.000000e+000  1.000000e+000  1.000000e+000  2.000000e+001  0.000000e+000  1.760000e-002  0.000000e+000  0.000000e+000
  251 -7.525080e+002 -1.254180e+003   18    1  0.000000e+000  1.000000e+000  1.000000e+000  1.000000e+000  2.000000e+001  0.000000e+000  1.760000e-002  0.000000e+000  0.000000e+000
  252 -7.555180e+002 -1.259200e+003   18    1  0.000000e+000  1.000000e+000  1.000000e+000  1.000000e+000  2.000000e+001  0.000000e+000  1.760000e-002  0.000000e+000  0.000000e+000
  253 -7.585280e+002 -1.264210e+003   18    1  0.000000e+000  1.000000e+000  1.000000e+000  1.000000e+000  2.000000e+001  0.000000e+000  1.760000e-002  0.000000e+000  0.000000e+000
  254 -7.615390e+002 -1.269230e+003   18    1  0.000000e+000  1.000000e+000  1.000000e+000  1.000000e+000  2.000000e+001  0.000000e+000  1.760000e-002  0.000000e+000  0.000000e+000
  255 -7.645490e+002 -1.274250e+003   18    1  0.000000e+000  1.000000e+000  1.000000e+000  1.000000e+000  2.000000e+001  0.000000e+000  1.760000e-002  0.000000e+000  0.000000e+000
  256 -7.675580e+002 -1.279260e+003   18    1  0.000000e+000  1.000000e+000  1.000000e+000  1.000000e+000  2.000000e+001  0.000000e+000  1.760000e-002  0.000000e+000  0.000000e+000
  257 -7.705680e+002 -1.284280e+003   18    1  0.000000e+000  1.000000e+000  1.000000e+000  1.000000e+000  2.000000e+001  0.000000e+000  2.720000e-002  0.000000e+000  0.000000e+000
  258 -7.735790e+002 -1.289300e+003   18    1  0.000000e+000  1.000000e+000  1.000000e+000  1.000000e+000  2.000000e+001  0.000000e+000  2.720000e-002  0.000000e+000  0.000000e+000
  259 -7.765890e+002 -1.294310e+003   18    1  0.000000e+000  1.000000e+000  1.000000e+000  1.000000e+000  2.000000e+001  0.000000e+000  2.720000e-002  0.000000e+000  0.000000e+000
  260 -7.795990e+002 -1.299330e+003   18    1  0.000000e+000  1.000000e+000  1.000000e+000  1.000000e+000  2.000000e+001  0.000000e+000  2.720000e-002  0.000000e+000  0.000000e+000
  261 -7.826090e+002 -1.304350e+003   18    1  0.000000e+000  1.000000e+000  1.000000e+000  1.000000e+000  2.000000e+001  0.000000e+000  2.720000e-002  0.000000e+000  0.000000e+000
  262 -7.856190e+002 -1.309360e+003   18    1  0.000000e+000  1.000000e+000  1.000000e+000  1.000000e+000  2.000000e+001  0.000000e+000  2.720000e-002  0.000000e+000  0.000000e+000
  263 -7.886290e+002 -1.314380e+003   18    1  0.000000e+000  1.000000e+000  1.000000e+000  1.000000e+000  2.000000e+001  0.000000e+000  2.720000e-002  0.000000e+000  0.000000e+000
  264 -7.916390e+002 -1.319400e+003   18    1  0.000000e+000  1.000000e+000  1.000000e+000  1.000000e+000  2.000000e+001  0.000000e+000  2.720000e-002  0.000000e+000  0.000000e+000
  265 -7.946490e+002 -1.324420e+003   18    1  0.000000e+000  1.000000e+000  1.000000e+000  1.000000e+000  2.000000e+001  0.000000e+000  2.720000e-002  0.000000e+000  0.000000e+000
  266 -7.976590e+002 -1.329430e+003   18    1  0.000000e+000  1.000000e+000  1.000000e+000  1.000000e+000  2.000000e+001  0.000000e+000  2.720000e-002  0.000000e+000  0.000000e+000
  267 -8.006690e+002 -1.334450e+003   18    1  0.000000e+000  1.000000e+000  1.000000e+000  1.000000e+000  2.000000e+001  0.000000e+000  1.810000e-002  0.000000e+000  0.000000e+000
  268 -8.036790e+002 -1.339460e+003   18    1  0.000000e+000  1.000000e+000  1.000000e+000  1.000000e+000  2.000000e+001  0.000000e+000  1.810000e-002  0.000000e+000  0.000000e+000
  269 -8.066890e+002 -1.344480e+003   18    1  0.000000e+000  1.000000e+000  1.000000e+000  1.000000e+000  2.000000e+001  0.000000e+000  1.810000e-002  0.000000e+000  0.000000e+000
  270 -8.096990e+002 -1.349500e+003   18    1  0.000000e+000  1.000000e+000  1.000000e+000  1.000000e+000  2.000000e+001  0.000000e+000  1.810000e-002  0.000000e+000  0.000000e+000
  271 -8.127090e+002 -1.354520e+003   18    1  0.000000e+000  1.000000e+000  1.000000e+000  1.000000e+000  2.000000e+001  0.000000e+000  1.810000e-002  0.000000e+000  0.000000e+000
  272 -8.157190e+002 -1.359530e+003   18    1  0.000000e+000  1.000000e+000  1.000000e+000  1.000000e+000  2.000000e+001  0.000000e+000  1.810000e-002  0.000000e+000  0.000000e+000
  273 -8.187290e+002 -1.364550e+003   18    1  0.000000e+000  1.000000e+000  1.000000e+000  1.000000e+000  2.000000e+001  0.000000e+000  1.810000e-002  0.000000e+000  0.000000e+000
  274 -8.217390e+002 -1.369560e+003   18    1  0.000000e+000  1.000000e+000  1.000000e+000  1.000000e+000  2.000000e+001  0.000000e+000  1.810000e-002  0.000000e+000  0.000000e+000
  275 -8.247490e+002 -1.374580e+003   18    1  0.000000e+000  1.000000e+000  1.000000e+000  1.000000e+000  2.000000e+001  0.000000e+000  2.020000e-002  0.000000e+000  0.000000e+000
  276 -8.277590e+002 -1.379600e+003   18    1  0.000000e+000  1.000000e+000  1.000000e+000  1.000000e+000  2.000000e+001  0.000000e+000  2.020000e-002  0.000000e+000  0.000000e+000
  277 -8.307690e+002 -1.384610e+003   18    1  0.000000e+000  1.000000e+000  1.000000e+000  1.000000e+000  2.000000e+001  0.000000e+000  2.020000e-002  0.000000e+000  0.000000e+000
  278 -8.337790e+002 -1.389630e+003   18    1  0.000000e+000  1.000000e+000  1.000000e+000  1.000000e+000  2.000000e+001  0.000000e+000  2.020000e-002  0.000000e+000  0.000000e+000
  279 -8.367890e+002 -1.394650e+003   19    1  0.000000e+000  1.000000e+000  1.000000e+000  1.000000e+000  2.000000e+001  0.000000e+000  2.430000e-002  0.000000e+000  0.000000e+000
  280 -8.397990e+002 -1.399670e+003   19    1  0.000000e+000  1.000000e+000  1.000000e+000  1.000000e+000  2.000000e+001  0.000000e+000  2.430000e-002  0.000000e+000  0.000000e+000
  281 -8.428090e+002 -1.404680e+003   19    1  0.000000e+000  1.000000e+000  1.000000e+000  1.000000e+000  2.000000e+001  0.000000e+000  2.430000e-002  0.000000e+000  0.000000e+000
  282 -8.458190e+002 -1.409700e+003   19    1  0.000000e+000  1.000000e+000  1.000000e+000  1.000000e+000  2.000000e+001  0.000000e+000  2.430000e-002  0.000000e+000  0.000000e+000
  283 -8.488290e+002 -1.414710e+003   19    1  0.000000e+000  1.000000e+000  1.000000e+000  1.000000e+000  2.000000e+001  0.000000e+000  2.430000e-002  0.000000e+000  0.000000e+000
  284 -8.518390e+002 -1.419730e+003   19    1  0.000000e+000  1.000000e+000  1.000000e+000  1.000000e+000  2.000000e+001  0.000000e+000  2.430000e-002  0.000000e+000  0.000000e+000
  285 -8.548490e+002 -1.424750e+003   19    1  0.000000e+000  1.000000e+000  1.000000e+000  1.000000e+000  2.000000e+001  0.000000e+000  2.430000e-002  0.000000e+000  0.000000e+000
  286 -8.578590e+002 -1.429770e+003   19    1  0.000000e+000  1.000000e+000  1.000000e+000  1.000000e+000  2.000000e+001  0.000000e+000  2.430000e-002  0.000000e+000  0.000000e+000
  287 -8.608700e+002 -1.434780e+003   19    1  0.000000e+000  1.000000e+000  1.000000e+000  1.000000e+000  2.000000e+001  0.000000e+000  2.430000e-002  0.000000e+000  0.000000e+000
  288 -8.638800e+002 -1.439800e+003   19    1  0.000000e+000  1.000000e+000  1.000000e+000  1.000000e+000  2.000000e+001  0.000000e+000  2.430000e-002  0.000000e+000  0.000000e+000
  289 -8.668900e+002 -1.444820e+003   19    1  0.000000e+000  1.000000e+000  1.000000e+000  1.000000e+000  2.000000e+001  0.000000e+000  2.430000e-002  0.000000e+000  0.000000e+000
  290 -8.699000e+002 -1.449830e+003   19    1  0.000000e+000  1.000000e+000  1.000000e+000  1.000000e+000  2.000000e+001  0.000000e+000  2.430000e-002  0.000000e+000  0.000000e+000
  291 -8.729100e+002 -1.454850e+003   19    1  0.000000e+000  1.000000e+000  1.000000e+000  1.000000e+000  2.000000e+001  0.000000e+000  2.430000e-002  0.000000e+000  0.000000e+000
  292 -8.759200e+002 -1.459870e+003   19    1  0.000000e+000  1.000000e+000  1.000000e+000  1.000000e+000  2.000000e+001  0.000000e+000  2.430000e-002  0.000000e+000  0.000000e+000
  293 -8.789300e+002 -1.464880e+003   19    1  0.000000e+000  1.000000e+000  1.000000e+000  1.000000e+000  2.000000e+001  0.000000e+000  2.430000e-002  0.000000e+000  0.000000e+000
  294 -8.819400e+002 -1.469900e+003   19    1  0.000000e+000  1.000000e+000  1.000000e+000  1.000000e+000  2.000000e+001  0.000000e+000  7.610000e-003  0.000000e+000  0.000000e+000
  295 -8.849500e+002 -1.474920e+003   20    1  0.000000e+000  1.000000e+000  1.000000e+000  1.000000e+000  2.000000e+001  0.000000e+000  7.610000e-003  0.000000e+000  0.000000e+000
  296 -8.879600e+002 -1.479930e+003   20    1  0.000000e+000  1.000000e+000  1.000000e+000  1.000000e+000  2.000000e+001  0.000000e+000  7.610000e-003  0.000000e+000  0.000000e+000
  297 -8.909700e+002 -1.484950e+003   20    1  0.000000e+000  1.000000e+000  1.000000e+000  1.000000e+000  2.000000e+001  0.000000e+000  7.610000e-003  0.000000e+000  0.000000e+000
  298 -8.939800e+002 -1.489970e+003   20    1  0.000000e+000  1.000000e+000  1.000000e+000  1.000000e+000  2.000000e+001  0.000000e+000  7.610000e-003  0.000000e+000  0.000000e+000
  299 -8.969900e+002 -1.494980e+003   20    1  0.000000e+000  1.000000e+000  1.000000e+000  1.000000e+000  2.000000e+001  0.000000e+000  7.610000e-003  0.000000e+000  0.000000e+000
  300 -9.000000e+002 -1.500000e+003   20    1  0.000000e+000  1.000000e+000  1.000000e+000  1.000000e+000  2.000000e+001  0.000000e+000  7.610000e-003  0.000000e+000  0.000000e+000
    3
    9  151  300
